{
  "asset": {
    "generator": "SOLIDWORKSGLTF",
    "version": "2.0"
  },
  "extensionsUsed": [
    "KHR_lights_punctual",
    "Solidworks_custom_properties",
    "KHR_draco_mesh_compression"
  ],
  "extensionsRequired": [
    "KHR_draco_mesh_compression"
  ],
  "scene": 1,
  "scenes": [
    {
      "name": "Version actual - <Prototipo>_Apariencia Estado de visualización",
      "nodes": [
        0,
        1
      ]
    },
    {
      "name": "Version actual - Estado de visualización-1",
      "nodes": [
        0,
        104
      ]
    },
    {
      "name": "Version actual - <Visibilidad>_Apariencia Estado de visualización",
      "nodes": [
        0,
        207
      ]
    },
    {
      "name": "Visibilidad - <Visibilidad>_Apariencia Estado de visualización",
      "nodes": [
        0,
        310
      ]
    },
    {
      "name": "Visibilidad - Estado de visualización-1",
      "nodes": [
        0,
        413
      ]
    },
    {
      "name": "Visibilidad - <Prototipo>_Apariencia Estado de visualización",
      "nodes": [
        0,
        516
      ]
    }
  ],
  "nodes": [
    {
      "matrix": [
        0.905436,
        0.0396977,
        -0.422623,
        0,
        -0.112045,
        0.982658,
        -0.147745,
        0,
        0.409429,
        0.181126,
        0.894182,
        0,
        2.75954,
        1.37568,
        7.09326,
        1
      ],
      "camera": 0,
      "name": "current"
    },
    {
      "children": [
        2,
        3,
        4,
        5,
        6,
        7,
        8,
        9,
        10,
        11,
        15,
        16,
        17,
        18,
        19,
        20,
        21,
        22,
        28,
        36,
        37,
        41,
        49,
        50,
        53,
        54,
        59,
        66,
        73,
        78,
        81,
        84,
        85,
        88,
        89,
        92,
        93,
        100,
        103
      ],
      "name": "UUV_1.0"
    },
    {
      "matrix": [
        -1,
        -7.46328e-17,
        0,
        0,
        7.46328e-17,
        -1,
        2.50689e-16,
        0,
        0,
        2.50689e-16,
        1,
        0,
        0.0370353,
        0.0138448,
        0.6301,
        1
      ],
      "mesh": 0,
      "name": "Soporte electronicos-1"
    },
    {
      "matrix": [
        1,
        0,
        0,
        0,
        0,
        1,
        0,
        0,
        0,
        0,
        1,
        0,
        0.0370353,
        0.0247948,
        0.5891,
        1
      ],
      "mesh": 1,
      "name": "Costilla frontal-2"
    },
    {
      "matrix": [
        1,
        0,
        0,
        0,
        0,
        1,
        0,
        0,
        0,
        0,
        1,
        0,
        0.0370353,
        0.0247948,
        0.0205,
        1
      ],
      "mesh": 2,
      "name": "Costilla trasera-1"
    },
    {
      "matrix": [
        1,
        0,
        0,
        0,
        0,
        1,
        0,
        0,
        0,
        0,
        1,
        0,
        0.0370353,
        0.209945,
        0.2237,
        1
      ],
      "mesh": 3,
      "name": "R-3312 16X8X1-1"
    },
    {
      "matrix": [
        1,
        0,
        0,
        0,
        0,
        1,
        0,
        0,
        0,
        0,
        1,
        0,
        0.0370353,
        0.0247948,
        0.2123,
        1
      ],
      "mesh": 4,
      "name": "Costilla trasera-2"
    },
    {
      "matrix": [
        1,
        0,
        0,
        0,
        0,
        1,
        0,
        0,
        0,
        0,
        1,
        0,
        0.0370353,
        0.0247948,
        0.3973,
        1
      ],
      "mesh": 5,
      "name": "Costilla frontal-1"
    },
    {
      "matrix": [
        1,
        0,
        0,
        0,
        0,
        1,
        0,
        0,
        0,
        0,
        1,
        0,
        0.0370353,
        -0.0588052,
        0.0205,
        1
      ],
      "mesh": 6,
      "name": "Soporte baterias-2"
    },
    {
      "matrix": [
        1,
        0,
        0,
        0,
        0,
        1,
        0,
        0,
        0,
        0,
        1,
        0,
        0.169835,
        0.0247948,
        0.0205,
        1
      ],
      "mesh": 7,
      "name": "Monta atras derecha-1"
    },
    {
      "matrix": [
        0,
        0,
        -1,
        0,
        0,
        1,
        0,
        0,
        1,
        0,
        0,
        0,
        -0.229645,
        0.0247948,
        0.3253,
        1
      ],
      "mesh": 8,
      "name": "Monta centro-1"
    },
    {
      "children": [
        12,
        13,
        14
      ],
      "matrix": [
        0.707107,
        0.707107,
        -2.08135e-16,
        0,
        -0.707107,
        0.707107,
        -4.2194e-16,
        0,
        -1.51183e-16,
        4.4553e-16,
        1,
        0,
        -0.198459,
        0.126736,
        0.0673,
        1
      ],
      "name": "Flotador lateral-1"
    },
    {
      "matrix": [
        1,
        0,
        0,
        0,
        0,
        1,
        0,
        0,
        0,
        0,
        1,
        0,
        0.0011326,
        0.00133856,
        0.01,
        1
      ],
      "mesh": 9,
      "name": "Soporte-2"
    },
    {
      "matrix": [
        1,
        0,
        0,
        0,
        0,
        1,
        0,
        0,
        0,
        0,
        1,
        0,
        0.000532596,
        -0.0116614,
        0.0725,
        1
      ],
      "mesh": 10,
      "name": "Foam 5x14.5-1"
    },
    {
      "matrix": [
        1,
        0,
        0,
        0,
        0,
        1,
        0,
        0,
        0,
        0,
        1,
        0,
        0.0011326,
        0.00133856,
        0.115,
        1
      ],
      "mesh": 11,
      "name": "Soporte-1"
    },
    {
      "matrix": [
        2.66779e-16,
        -2.61732e-16,
        -1,
        0,
        -0.707107,
        0.707107,
        -3.73714e-16,
        0,
        0.707107,
        0.707107,
        3.56908e-18,
        0,
        0.284767,
        0.139727,
        0.3253,
        1
      ],
      "mesh": 12,
      "name": "Solera-2"
    },
    {
      "matrix": [
        -1,
        -7.46328e-17,
        0,
        0,
        7.46328e-17,
        -1,
        2.50689e-16,
        0,
        0,
        2.50689e-16,
        1,
        0,
        0.0370353,
        0.0138448,
        0.4383,
        1
      ],
      "mesh": 13,
      "name": "Soporte electronicos-2"
    },
    {
      "matrix": [
        1,
        0,
        0,
        0,
        0,
        1,
        0,
        0,
        0,
        0,
        1,
        0,
        0.169835,
        0.0247948,
        0.5891,
        1
      ],
      "mesh": 14,
      "name": "Monta adelante derecha-1"
    },
    {
      "matrix": [
        4.20136e-16,
        -4.25183e-16,
        -1,
        0,
        0.707107,
        -0.707107,
        5.97731e-16,
        0,
        -0.707107,
        -0.707107,
        3.56908e-18,
        0,
        -0.210696,
        -0.090137,
        0.3253,
        1
      ],
      "mesh": 15,
      "name": "Solera-4"
    },
    {
      "matrix": [
        3.88578e-16,
        -2.498e-16,
        -1,
        0,
        0.707107,
        0.707107,
        -2.77556e-17,
        0,
        0.707107,
        -0.707107,
        4.2194e-16,
        0,
        -0.213525,
        0.142555,
        0.3253,
        1
      ],
      "mesh": 16,
      "name": "Solera-1"
    },
    {
      "matrix": [
        3.88578e-16,
        -2.498e-16,
        -1,
        0,
        0.707107,
        0.707107,
        -2.77556e-17,
        0,
        0.707107,
        -0.707107,
        4.2194e-16,
        0,
        0.284767,
        -0.090137,
        0.3253,
        1
      ],
      "mesh": 17,
      "name": "Solera-3"
    },
    {
      "matrix": [
        0,
        -4.16334e-17,
        1,
        0,
        0,
        1,
        4.16334e-17,
        0,
        -1,
        0,
        0,
        0,
        0.303715,
        0.0247948,
        0.3253,
        1
      ],
      "mesh": 18,
      "name": "Monta centro-2"
    },
    {
      "children": [
        23,
        24,
        25,
        26,
        27
      ],
      "matrix": [
        -0.00609811,
        0.0195109,
        -0.999791,
        0,
        -0.00800457,
        0.999777,
        0.0195594,
        0,
        0.999949,
        0.00812217,
        -0.00594057,
        0,
        -0.0925307,
        0.0840126,
        0.210943,
        1
      ],
      "name": "Flotador dorsal-1"
    },
    {
      "matrix": [
        0.999791,
        -0.0195594,
        0.00594057,
        0,
        0.0195109,
        0.999777,
        0.00812217,
        0,
        -0.00609811,
        -0.00800457,
        0.999949,
        0,
        0.169691,
        0.0555071,
        0.231057,
        1
      ],
      "mesh": 19,
      "name": "Soporte foam-3"
    },
    {
      "matrix": [
        0.999791,
        -0.0195594,
        0.00594057,
        0,
        0.0195109,
        0.999777,
        0.00812217,
        0,
        -0.00609811,
        -0.00800457,
        0.999949,
        0,
        0.0745416,
        0.0489795,
        0.130419,
        1
      ],
      "mesh": 20,
      "name": "Foam 20x20-1"
    },
    {
      "matrix": [
        0.999791,
        -0.0195594,
        0.00594057,
        0,
        0.0195109,
        0.999777,
        0.00812217,
        0,
        -0.00609811,
        -0.00800457,
        0.999949,
        0,
        -0.0214688,
        0.0592469,
        0.229921,
        1
      ],
      "mesh": 21,
      "name": "Soporte foam-4"
    },
    {
      "matrix": [
        -0.999791,
        0.0195594,
        -0.00594057,
        0,
        0.0195109,
        0.999777,
        0.00812217,
        0,
        0.00609811,
        0.00800457,
        -0.999949,
        0,
        -0.0202491,
        0.0608478,
        0.0299311,
        1
      ],
      "mesh": 22,
      "name": "Soporte foam-1"
    },
    {
      "matrix": [
        -0.999791,
        0.0195594,
        -0.00594057,
        0,
        0.0195109,
        0.999777,
        0.00812217,
        0,
        0.00609811,
        0.00800457,
        -0.999949,
        0,
        0.170911,
        0.057108,
        0.031067,
        1
      ],
      "mesh": 23,
      "name": "Soporte foam-2"
    },
    {
      "children": [
        29,
        30,
        31,
        32,
        33,
        34,
        35
      ],
      "matrix": [
        0.954438,
        0.298408,
        0,
        0,
        -0.298408,
        0.954438,
        0,
        0,
        0,
        0,
        1,
        0,
        -0.241762,
        0.164284,
        -0.274262,
        1
      ],
      "name": "Flotador grande-1"
    },
    {
      "matrix": [
        1,
        0,
        0,
        0,
        0,
        0,
        -1,
        0,
        0,
        1,
        0,
        0,
        0.00199577,
        0.005031,
        0.2841,
        1
      ],
      "mesh": 24,
      "name": "Tapon-2"
    },
    {
      "matrix": [
        0.954438,
        -0.298408,
        0,
        0,
        0.298408,
        0.954438,
        0,
        0,
        0,
        0,
        1,
        0,
        0.00199577,
        0.005031,
        0.712562,
        1
      ],
      "mesh": 25,
      "name": "Soporte flotador-1"
    },
    {
      "matrix": [
        0.954438,
        -0.298408,
        0,
        0,
        0.298408,
        0.954438,
        0,
        0,
        0,
        0,
        1,
        0,
        0.00199577,
        0.005031,
        0.476562,
        1
      ],
      "mesh": 26,
      "name": "Soporte flotador-3"
    },
    {
      "matrix": [
        -0.891067,
        -0.453871,
        0,
        0,
        0,
        0,
        1,
        0,
        -0.453871,
        0.891067,
        0,
        0,
        0.00199577,
        0.005031,
        0.9159,
        1
      ],
      "mesh": 27,
      "name": "Tapon-1"
    },
    {
      "matrix": [
        0.954438,
        -0.298408,
        0,
        0,
        0.298408,
        0.954438,
        0,
        0,
        0,
        0,
        1,
        0,
        0.00199577,
        0.005031,
        0.335762,
        1
      ],
      "mesh": 28,
      "name": "Soporte flotador-4"
    },
    {
      "matrix": [
        1,
        0,
        0,
        0,
        0,
        1,
        0,
        0,
        0,
        0,
        1,
        0,
        0.00199577,
        0.005031,
        0.25,
        1
      ],
      "mesh": 29,
      "name": "Camara-1"
    },
    {
      "matrix": [
        0.954438,
        -0.298408,
        0,
        0,
        0.298408,
        0.954438,
        0,
        0,
        0,
        0,
        1,
        0,
        0.00199577,
        0.005031,
        0.853362,
        1
      ],
      "mesh": 30,
      "name": "Soporte flotador-2"
    },
    {
      "matrix": [
        -1,
        0,
        0,
        0,
        0,
        1,
        -4.44089e-16,
        0,
        0,
        -5.55112e-17,
        -1,
        0,
        -0.0957647,
        0.0247948,
        0.0615,
        1
      ],
      "mesh": 31,
      "name": "Monta atras izquierda-1"
    },
    {
      "children": [
        38,
        39,
        40
      ],
      "matrix": [
        0.707107,
        -0.707107,
        -5.04744e-18,
        0,
        0.707107,
        0.707107,
        3.56908e-18,
        0,
        1.04536e-18,
        -6.0928e-18,
        1,
        0,
        0.270928,
        0.128338,
        0.0673,
        1
      ],
      "name": "Flotador lateral-2"
    },
    {
      "matrix": [
        1,
        0,
        0,
        0,
        0,
        1,
        0,
        0,
        0,
        0,
        1,
        0,
        0.0011326,
        0.00133856,
        0.01,
        1
      ],
      "mesh": 32,
      "name": "Soporte-2"
    },
    {
      "matrix": [
        1,
        0,
        0,
        0,
        0,
        1,
        0,
        0,
        0,
        0,
        1,
        0,
        0.000532596,
        -0.0116614,
        0.0725,
        1
      ],
      "mesh": 33,
      "name": "Foam 5x14.5-1"
    },
    {
      "matrix": [
        1,
        0,
        0,
        0,
        0,
        1,
        0,
        0,
        0,
        0,
        1,
        0,
        0.0011326,
        0.00133856,
        0.115,
        1
      ],
      "mesh": 34,
      "name": "Soporte-1"
    },
    {
      "children": [
        42,
        43,
        44,
        45,
        46,
        47,
        48
      ],
      "matrix": [
        0.298408,
        -0.954438,
        -1.65564e-18,
        0,
        0.954438,
        0.298408,
        3.16183e-18,
        0,
        -2.52372e-18,
        -2.52372e-18,
        1,
        0,
        0.309325,
        0.170792,
        -0.274262,
        1
      ],
      "name": "Flotador grande-2"
    },
    {
      "matrix": [
        1,
        -5.23486e-36,
        -1.92593e-34,
        0,
        1.92593e-34,
        -7.70372e-34,
        -1,
        0,
        -5.23486e-36,
        1,
        7.70372e-34,
        0,
        0.00199577,
        0.005031,
        0.2841,
        1
      ],
      "mesh": 35,
      "name": "Tapon-2"
    },
    {
      "matrix": [
        0.954438,
        -0.298408,
        -7.70372e-34,
        0,
        0.298408,
        0.954438,
        7.70372e-34,
        0,
        -1.92593e-34,
        7.70372e-34,
        1,
        0,
        0.00199577,
        0.005031,
        0.712562,
        1
      ],
      "mesh": 36,
      "name": "Soporte flotador-1"
    },
    {
      "matrix": [
        0.954438,
        -0.298408,
        0,
        0,
        0.298408,
        0.954438,
        7.70372e-34,
        0,
        -3.85186e-34,
        0,
        1,
        0,
        0.00199577,
        0.005031,
        0.476562,
        1
      ],
      "mesh": 37,
      "name": "Soporte flotador-3"
    },
    {
      "matrix": [
        -0.891067,
        -0.453871,
        -1.92593e-34,
        0,
        -1.92593e-34,
        7.70372e-34,
        1,
        0,
        -0.453871,
        0.891067,
        7.70372e-34,
        0,
        0.00199577,
        0.005031,
        0.9159,
        1
      ],
      "mesh": 38,
      "name": "Tapon-1"
    },
    {
      "matrix": [
        0.954438,
        -0.298408,
        0,
        0,
        0.298408,
        0.954438,
        7.70372e-34,
        0,
        -1.92593e-34,
        7.70372e-34,
        1,
        0,
        0.00199577,
        0.005031,
        0.335762,
        1
      ],
      "mesh": 39,
      "name": "Soporte flotador-4"
    },
    {
      "matrix": [
        1,
        0,
        0,
        0,
        0,
        1,
        0,
        0,
        0,
        0,
        1,
        0,
        0.00199577,
        0.005031,
        0.25,
        1
      ],
      "mesh": 40,
      "name": "Camara-1"
    },
    {
      "matrix": [
        0.954438,
        -0.298408,
        -3.85186e-34,
        0,
        0.298408,
        0.954438,
        1.15556e-33,
        0,
        -1.92593e-34,
        1.15556e-33,
        1,
        0,
        0.00199577,
        0.005031,
        0.853362,
        1
      ],
      "mesh": 41,
      "name": "Soporte flotador-2"
    },
    {
      "matrix": [
        1,
        0,
        0,
        0,
        0,
        1,
        0,
        0,
        0,
        0,
        1,
        0,
        0.0370353,
        -0.0588052,
        0.2123,
        1
      ],
      "mesh": 42,
      "name": "Soporte baterias-1"
    },
    {
      "children": [
        51,
        52
      ],
      "matrix": [
        0.939693,
        -0.0885213,
        0.330366,
        0,
        -1.04706e-16,
        0.965926,
        0.258819,
        0,
        -0.34202,
        -0.24321,
        0.907673,
        0,
        0.248903,
        0.0602889,
        0.514725,
        1
      ],
      "name": "T200 motor-1"
    },
    {
      "matrix": [
        0.785504,
        -0.618857,
        -1.69309e-15,
        0,
        0.618857,
        0.785504,
        -3.33067e-16,
        0,
        1.53605e-15,
        -7.86155e-16,
        1,
        0,
        -0.00201656,
        -0.0019548,
        0.0579895,
        1
      ],
      "mesh": 43,
      "name": "T200 propela-1"
    },
    {
      "matrix": [
        1,
        0,
        0,
        0,
        0,
        1,
        0,
        0,
        0,
        0,
        1,
        0,
        -0.00201656,
        -0.0019548,
        0.0563395,
        1
      ],
      "mesh": 44,
      "name": "T200 thruster-1"
    },
    {
      "matrix": [
        -1,
        0,
        0,
        0,
        0,
        1,
        -4.44089e-16,
        0,
        0,
        -5.55112e-17,
        -1,
        0,
        -0.0957647,
        0.0247948,
        0.6301,
        1
      ],
      "mesh": 45,
      "name": "Monta adelante izquierda-1"
    },
    {
      "children": [
        55,
        56,
        57,
        58
      ],
      "matrix": [
        1,
        0,
        0,
        0,
        0,
        1,
        0,
        0,
        0,
        0,
        1,
        0,
        0.12439,
        0.0598629,
        0.5686,
        1
      ],
      "name": "Ajustador-1"
    },
    {
      "matrix": [
        1,
        0,
        0,
        0,
        0,
        1,
        0,
        0,
        0,
        0,
        1,
        0,
        -0.0873546,
        -0.0460181,
        0.0205,
        1
      ],
      "mesh": 46,
      "name": "Ajustador electronicos-1"
    },
    {
      "matrix": [
        -7.21645e-16,
        1,
        0,
        0,
        -1,
        -7.21645e-16,
        0,
        0,
        0,
        0,
        1,
        0,
        -0.0873546,
        -0.0460181,
        0.0205,
        1
      ],
      "mesh": 47,
      "name": "Ajustador electronicos-2"
    },
    {
      "matrix": [
        -1,
        0,
        5.55112e-17,
        0,
        -8.32667e-17,
        -1,
        0,
        0,
        1.80411e-16,
        4.996e-16,
        1,
        0,
        -0.0873546,
        -0.0460181,
        0.0205,
        1
      ],
      "mesh": 48,
      "name": "Ajustador electronicos-4"
    },
    {
      "matrix": [
        8.32667e-16,
        -1,
        -1.38778e-17,
        0,
        1,
        8.32667e-16,
        -5.17926e-17,
        0,
        5.17926e-17,
        -1.38778e-17,
        1,
        0,
        -0.0873546,
        -0.0460181,
        0.0205,
        1
      ],
      "mesh": 49,
      "name": "Ajustador electronicos-3"
    },
    {
      "children": [
        60
      ],
      "matrix": [
        -1,
        -0.0008633,
        -8.19605e-17,
        0,
        -8.19769e-17,
        1.90634e-17,
        1,
        0,
        -0.0008633,
        1,
        -1.91341e-17,
        0,
        -0.0473221,
        -0.295969,
        0.384993,
        1
      ],
      "name": "Enclosure-1"
    },
    {
      "children": [
        61,
        62,
        63,
        64,
        65
      ],
      "matrix": [
        1,
        0,
        0,
        0,
        0,
        1,
        0,
        0,
        0,
        0,
        1,
        0,
        -0.0369937,
        0.110854,
        0.0112909,
        1
      ],
      "name": "Enclosure_electronicos-1"
    },
    {
      "matrix": [
        0.749858,
        -1.2326e-32,
        -0.661599,
        0,
        0,
        1,
        0,
        0,
        0.661599,
        -1.2326e-32,
        0.749858,
        0,
        -0.0476312,
        0.134253,
        0.29845,
        1
      ],
      "mesh": 50,
      "name": "WTE8-P-END-CAP-R1-1"
    },
    {
      "matrix": [
        -0.749858,
        6.16298e-33,
        0.661599,
        0,
        0,
        1,
        0,
        0,
        -0.661599,
        0,
        -0.749858,
        0,
        -0.0476312,
        -0.182197,
        0.29845,
        1
      ],
      "mesh": 51,
      "name": "WTE8-M-END-CAP-5-10MM-R1-1"
    },
    {
      "matrix": [
        0,
        1,
        0,
        0,
        -0.318597,
        -3.08149e-33,
        0.94789,
        0,
        0.94789,
        -1.2326e-32,
        0.318597,
        0,
        -0.0476312,
        -0.176197,
        0.29845,
        1
      ],
      "mesh": 52,
      "name": "WTE8-M-FLANGE-SEAL-R1-2"
    },
    {
      "matrix": [
        0,
        -1,
        0,
        0,
        0.318597,
        -3.08149e-33,
        -0.94789,
        0,
        0.94789,
        0,
        0.318597,
        0,
        -0.0476312,
        0.134253,
        0.29845,
        1
      ],
      "mesh": 53,
      "name": "WTE8-M-FLANGE-SEAL-R1-1"
    },
    {
      "matrix": [
        1,
        0,
        0,
        0,
        0,
        1,
        0,
        0,
        0,
        0,
        1,
        0,
        -0.0476312,
        -0.170197,
        0.29845,
        1
      ],
      "mesh": 54,
      "name": "WTE8-P-TUBE-12-R1-1"
    },
    {
      "children": [
        67
      ],
      "matrix": [
        -0.918945,
        0.394385,
        0,
        0,
        0.394385,
        0.918945,
        0,
        0,
        0,
        0,
        -1,
        0,
        0.0787674,
        -0.0500033,
        0.382713,
        1
      ],
      "name": "Enclosure bateria-1"
    },
    {
      "children": [
        68,
        69,
        70,
        71,
        72
      ],
      "matrix": [
        1,
        0,
        0,
        0,
        0,
        1,
        0,
        0,
        0,
        0,
        1,
        0,
        -0.00190779,
        -0.00235225,
        0.133404,
        1
      ],
      "name": "Enclosure baterias-1"
    },
    {
      "matrix": [
        1,
        0,
        0,
        0,
        0,
        1,
        0,
        0,
        0,
        0,
        1,
        0,
        -0.0142155,
        -0.000306368,
        3.05311e-16,
        1
      ],
      "mesh": 55,
      "name": "WTE3 Tube 8.75_DRIVE-1"
    },
    {
      "matrix": [
        0.80102,
        0.598638,
        3.01445e-17,
        0,
        -0.598638,
        0.80102,
        -3.76798e-18,
        0,
        -2.6402e-17,
        -1.50274e-17,
        1,
        0,
        -0.0142155,
        -0.000306368,
        0.20125,
        1
      ],
      "mesh": 56,
      "name": "WTE3-M-FLANGE-SEAL-R1_DRIVE-1"
    },
    {
      "matrix": [
        -0.80102,
        -0.598638,
        -3.83528e-17,
        0,
        -0.598638,
        0.80102,
        3.32121e-16,
        0,
        -1.68099e-16,
        2.88995e-16,
        -1,
        0,
        -0.0142155,
        -0.000306368,
        0.021,
        1
      ],
      "mesh": 57,
      "name": "WTE3-M-FLANGE-SEAL-R1_DRIVE-2"
    },
    {
      "matrix": [
        0.918945,
        -0.394385,
        0,
        0,
        0.394385,
        0.918945,
        0,
        0,
        0,
        0,
        1,
        0,
        -0.0142155,
        -0.000306368,
        0.228809,
        1
      ],
      "mesh": 58,
      "name": "WTE3-P-END-CAP-R1-1"
    },
    {
      "matrix": [
        0.918945,
        -0.394385,
        -2.21539e-16,
        0,
        0.394385,
        0.918945,
        -3.63138e-17,
        0,
        2.17904e-16,
        -5.40012e-17,
        1,
        0,
        -0.0142155,
        -0.000306368,
        -0.012,
        1
      ],
      "mesh": 59,
      "name": "WTE3-M-END-CAP-4-HOLE-R1_DRIVE-1"
    },
    {
      "children": [
        74,
        75,
        76,
        77
      ],
      "matrix": [
        1,
        0,
        0,
        0,
        0,
        1,
        0,
        0,
        0,
        0,
        1,
        0,
        0.12439,
        0.0598629,
        0.3768,
        1
      ],
      "name": "Ajustador-2"
    },
    {
      "matrix": [
        1,
        0,
        0,
        0,
        0,
        1,
        0,
        0,
        0,
        0,
        1,
        0,
        -0.0873546,
        -0.0460181,
        0.0205,
        1
      ],
      "mesh": 60,
      "name": "Ajustador electronicos-1"
    },
    {
      "matrix": [
        -7.21645e-16,
        1,
        0,
        0,
        -1,
        -7.21645e-16,
        0,
        0,
        0,
        0,
        1,
        0,
        -0.0873546,
        -0.0460181,
        0.0205,
        1
      ],
      "mesh": 61,
      "name": "Ajustador electronicos-2"
    },
    {
      "matrix": [
        -1,
        0,
        5.55112e-17,
        0,
        -8.32667e-17,
        -1,
        0,
        0,
        1.80411e-16,
        4.996e-16,
        1,
        0,
        -0.0873546,
        -0.0460181,
        0.0205,
        1
      ],
      "mesh": 62,
      "name": "Ajustador electronicos-4"
    },
    {
      "matrix": [
        8.32667e-16,
        -1,
        -1.38778e-17,
        0,
        1,
        8.32667e-16,
        -5.17926e-17,
        0,
        5.17926e-17,
        -1.38778e-17,
        1,
        0,
        -0.0873546,
        -0.0460181,
        0.0205,
        1
      ],
      "mesh": 63,
      "name": "Ajustador electronicos-3"
    },
    {
      "children": [
        79,
        80
      ],
      "matrix": [
        0.939693,
        0.0885213,
        -0.330366,
        0,
        -3.72482e-16,
        0.965926,
        0.258819,
        0,
        0.34202,
        -0.24321,
        0.907673,
        0,
        -0.172543,
        0.0606454,
        0.513394,
        1
      ],
      "name": "T200 motor-2"
    },
    {
      "matrix": [
        0.785504,
        -0.618857,
        -1.60982e-15,
        0,
        0.618857,
        0.785504,
        -2.37874e-16,
        0,
        1.41173e-15,
        -8.09399e-16,
        1,
        0,
        -0.00201656,
        -0.0019548,
        0.0579895,
        1
      ],
      "mesh": 64,
      "name": "T200 propela-1"
    },
    {
      "matrix": [
        1,
        0,
        0,
        0,
        0,
        1,
        0,
        0,
        0,
        0,
        1,
        0,
        -0.00201656,
        -0.0019548,
        0.0563395,
        1
      ],
      "mesh": 65,
      "name": "T200 thruster-1"
    },
    {
      "children": [
        82,
        83
      ],
      "matrix": [
        -1.67075e-16,
        -6.10623e-16,
        -1,
        0,
        -1,
        -9.41199e-17,
        1.6545e-16,
        0,
        1.30327e-16,
        1,
        -6.66134e-16,
        0,
        -0.157419,
        -0.00629294,
        0.323283,
        1
      ],
      "name": "T200 motor-3"
    },
    {
      "matrix": [
        0.785504,
        -0.618857,
        -1.49878e-15,
        0,
        0.618857,
        0.785504,
        -3.19396e-16,
        0,
        1.37496e-15,
        -6.76644e-16,
        1,
        0,
        -0.00201656,
        -0.0019548,
        0.0579895,
        1
      ],
      "mesh": 66,
      "name": "T200 propela-1"
    },
    {
      "matrix": [
        1,
        0,
        0,
        0,
        0,
        1,
        0,
        0,
        0,
        0,
        1,
        0,
        -0.00201656,
        -0.0019548,
        0.0563395,
        1
      ],
      "mesh": 67,
      "name": "T200 thruster-1"
    },
    {
      "matrix": [
        1,
        0,
        0,
        0,
        0,
        1,
        0,
        0,
        0,
        0,
        1,
        0,
        0.0370353,
        0.186645,
        0.3973,
        1
      ],
      "mesh": 68,
      "name": "Soporte 1-3"
    },
    {
      "children": [
        86,
        87
      ],
      "matrix": [
        1.79091e-16,
        -3.33067e-16,
        1,
        0,
        1,
        2.43685e-18,
        -1.79091e-16,
        0,
        -2.43685e-18,
        1,
        3.33067e-16,
        0,
        0.23149,
        -0.00629294,
        0.327317,
        1
      ],
      "name": "T200 motor-4"
    },
    {
      "matrix": [
        0.785504,
        -0.618857,
        -1.68128e-15,
        0,
        0.618857,
        0.785504,
        -1.77445e-16,
        0,
        1.43047e-15,
        -9.01091e-16,
        1,
        0,
        -0.00201656,
        -0.0019548,
        0.0579895,
        1
      ],
      "mesh": 69,
      "name": "T200 propela-1"
    },
    {
      "matrix": [
        1,
        0,
        0,
        0,
        0,
        1,
        0,
        0,
        0,
        0,
        1,
        0,
        -0.00201656,
        -0.0019548,
        0.0563395,
        1
      ],
      "mesh": 70,
      "name": "T200 thruster-1"
    },
    {
      "matrix": [
        1,
        0,
        0,
        0,
        0,
        1,
        0,
        0,
        0,
        0,
        1,
        0,
        0.0370353,
        0.186645,
        0.0205,
        1
      ],
      "mesh": 71,
      "name": "Soporte 1-1"
    },
    {
      "children": [
        90,
        91
      ],
      "matrix": [
        0.939693,
        -0.0885213,
        -0.330366,
        0,
        -1.76251e-16,
        0.965926,
        -0.258819,
        0,
        0.34202,
        0.24321,
        0.907673,
        0,
        0.215457,
        0.0354382,
        0.0431314,
        1
      ],
      "name": "T200 motor-5"
    },
    {
      "matrix": [
        0.785504,
        -0.618857,
        -1.63758e-15,
        0,
        0.618857,
        0.785504,
        -1.66533e-16,
        0,
        1.38778e-15,
        -9.15934e-16,
        1,
        0,
        -0.00201656,
        -0.0019548,
        0.0579895,
        1
      ],
      "mesh": 72,
      "name": "T200 propela-1"
    },
    {
      "matrix": [
        1,
        0,
        0,
        0,
        0,
        1,
        0,
        0,
        0,
        0,
        1,
        0,
        -0.00201656,
        -0.0019548,
        0.0563395,
        1
      ],
      "mesh": 73,
      "name": "T200 thruster-1"
    },
    {
      "matrix": [
        1,
        0,
        0,
        0,
        0,
        1,
        0,
        0,
        0,
        0,
        1,
        0,
        0.0370353,
        0.186645,
        0.2123,
        1
      ],
      "mesh": 74,
      "name": "Soporte 1-2"
    },
    {
      "children": [
        94
      ],
      "matrix": [
        -0.918945,
        0.394385,
        0,
        0,
        0.394385,
        0.918945,
        0,
        0,
        0,
        0,
        -1,
        0,
        -0.0322326,
        -0.0500033,
        0.382713,
        1
      ],
      "name": "Enclosure bateria-2"
    },
    {
      "children": [
        95,
        96,
        97,
        98,
        99
      ],
      "matrix": [
        1,
        0,
        0,
        0,
        0,
        1,
        0,
        0,
        0,
        0,
        1,
        0,
        -0.00190779,
        -0.00235225,
        0.133404,
        1
      ],
      "name": "Enclosure baterias-1"
    },
    {
      "matrix": [
        1,
        0,
        0,
        0,
        0,
        1,
        0,
        0,
        0,
        0,
        1,
        0,
        -0.0142155,
        -0.000306368,
        3.05311e-16,
        1
      ],
      "mesh": 75,
      "name": "WTE3 Tube 8.75_DRIVE-1"
    },
    {
      "matrix": [
        0.80102,
        0.598638,
        3.01445e-17,
        0,
        -0.598638,
        0.80102,
        -3.76798e-18,
        0,
        -2.6402e-17,
        -1.50274e-17,
        1,
        0,
        -0.0142155,
        -0.000306368,
        0.20125,
        1
      ],
      "mesh": 76,
      "name": "WTE3-M-FLANGE-SEAL-R1_DRIVE-1"
    },
    {
      "matrix": [
        -0.80102,
        -0.598638,
        -3.83528e-17,
        0,
        -0.598638,
        0.80102,
        3.32121e-16,
        0,
        -1.68099e-16,
        2.88995e-16,
        -1,
        0,
        -0.0142155,
        -0.000306368,
        0.021,
        1
      ],
      "mesh": 77,
      "name": "WTE3-M-FLANGE-SEAL-R1_DRIVE-2"
    },
    {
      "matrix": [
        0.918945,
        -0.394385,
        0,
        0,
        0.394385,
        0.918945,
        0,
        0,
        0,
        0,
        1,
        0,
        -0.0142155,
        -0.000306368,
        0.228809,
        1
      ],
      "mesh": 78,
      "name": "WTE3-P-END-CAP-R1-1"
    },
    {
      "matrix": [
        0.918945,
        -0.394385,
        -2.21539e-16,
        0,
        0.394385,
        0.918945,
        -3.63138e-17,
        0,
        2.17904e-16,
        -5.40012e-17,
        1,
        0,
        -0.0142155,
        -0.000306368,
        -0.012,
        1
      ],
      "mesh": 79,
      "name": "WTE3-M-END-CAP-4-HOLE-R1_DRIVE-1"
    },
    {
      "children": [
        101,
        102
      ],
      "matrix": [
        0.939693,
        0.0885213,
        0.330366,
        0,
        -1.05469e-16,
        0.965926,
        -0.258819,
        0,
        -0.34202,
        0.24321,
        0.907673,
        0,
        -0.136097,
        0.0357958,
        0.0444657,
        1
      ],
      "name": "T200 motor-6"
    },
    {
      "matrix": [
        0.785504,
        -0.618857,
        -1.72085e-15,
        0,
        0.618857,
        0.785504,
        -2.22478e-16,
        0,
        1.48941e-15,
        -8.902e-16,
        1,
        0,
        -0.00201656,
        -0.0019548,
        0.0579895,
        1
      ],
      "mesh": 80,
      "name": "T200 propela-1"
    },
    {
      "matrix": [
        1,
        0,
        0,
        0,
        0,
        1,
        0,
        0,
        0,
        0,
        1,
        0,
        -0.00201656,
        -0.0019548,
        0.0563395,
        1
      ],
      "mesh": 81,
      "name": "T200 thruster-1"
    },
    {
      "matrix": [
        1,
        0,
        0,
        0,
        0,
        1,
        0,
        0,
        0,
        0,
        1,
        0,
        0.0370353,
        0.186645,
        0.5891,
        1
      ],
      "mesh": 82,
      "name": "Soporte 1-4"
    },
    {
      "children": [
        105,
        106,
        107,
        108,
        109,
        110,
        111,
        112,
        113,
        114,
        118,
        119,
        120,
        121,
        122,
        123,
        124,
        125,
        131,
        139,
        140,
        144,
        152,
        153,
        156,
        157,
        162,
        169,
        176,
        181,
        184,
        187,
        188,
        191,
        192,
        195,
        196,
        203,
        206
      ],
      "name": "UUV_1.0"
    },
    {
      "matrix": [
        -1,
        -7.46328e-17,
        0,
        0,
        7.46328e-17,
        -1,
        2.50689e-16,
        0,
        0,
        2.50689e-16,
        1,
        0,
        0.0370353,
        0.0138448,
        0.6301,
        1
      ],
      "mesh": 83,
      "name": "Soporte electronicos-1"
    },
    {
      "matrix": [
        1,
        0,
        0,
        0,
        0,
        1,
        0,
        0,
        0,
        0,
        1,
        0,
        0.0370353,
        0.0247948,
        0.5891,
        1
      ],
      "mesh": 84,
      "name": "Costilla frontal-2"
    },
    {
      "matrix": [
        1,
        0,
        0,
        0,
        0,
        1,
        0,
        0,
        0,
        0,
        1,
        0,
        0.0370353,
        0.0247948,
        0.0205,
        1
      ],
      "mesh": 85,
      "name": "Costilla trasera-1"
    },
    {
      "matrix": [
        1,
        0,
        0,
        0,
        0,
        1,
        0,
        0,
        0,
        0,
        1,
        0,
        0.0370353,
        0.209945,
        0.2237,
        1
      ],
      "mesh": 86,
      "name": "R-3312 16X8X1-1"
    },
    {
      "matrix": [
        1,
        0,
        0,
        0,
        0,
        1,
        0,
        0,
        0,
        0,
        1,
        0,
        0.0370353,
        0.0247948,
        0.2123,
        1
      ],
      "mesh": 87,
      "name": "Costilla trasera-2"
    },
    {
      "matrix": [
        1,
        0,
        0,
        0,
        0,
        1,
        0,
        0,
        0,
        0,
        1,
        0,
        0.0370353,
        0.0247948,
        0.3973,
        1
      ],
      "mesh": 88,
      "name": "Costilla frontal-1"
    },
    {
      "matrix": [
        1,
        0,
        0,
        0,
        0,
        1,
        0,
        0,
        0,
        0,
        1,
        0,
        0.0370353,
        -0.0588052,
        0.0205,
        1
      ],
      "mesh": 89,
      "name": "Soporte baterias-2"
    },
    {
      "matrix": [
        1,
        0,
        0,
        0,
        0,
        1,
        0,
        0,
        0,
        0,
        1,
        0,
        0.169835,
        0.0247948,
        0.0205,
        1
      ],
      "mesh": 90,
      "name": "Monta atras derecha-1"
    },
    {
      "matrix": [
        0,
        0,
        -1,
        0,
        0,
        1,
        0,
        0,
        1,
        0,
        0,
        0,
        -0.229645,
        0.0247948,
        0.3253,
        1
      ],
      "mesh": 91,
      "name": "Monta centro-1"
    },
    {
      "children": [
        115,
        116,
        117
      ],
      "matrix": [
        0.707107,
        0.707107,
        -2.08135e-16,
        0,
        -0.707107,
        0.707107,
        -4.2194e-16,
        0,
        -1.51183e-16,
        4.4553e-16,
        1,
        0,
        -0.198459,
        0.126736,
        0.0673,
        1
      ],
      "name": "Flotador lateral-1"
    },
    {
      "matrix": [
        1,
        0,
        0,
        0,
        0,
        1,
        0,
        0,
        0,
        0,
        1,
        0,
        0.0011326,
        0.00133856,
        0.01,
        1
      ],
      "mesh": 92,
      "name": "Soporte-2"
    },
    {
      "matrix": [
        1,
        0,
        0,
        0,
